1 10.01
1.004 10.02
1.008 10.0301
1.012 10.0402
1.016 10.0503
1.02 10.0605
1.024 10.0707
1.028 10.081
1.032 10.0912
1.036 10.1015
1.04 10.1119
1.044 10.1222
1.048 10.1327
1.052 10.1431
1.056 10.1536
1.06 10.1641
1.064 10.1746
1.068 10.1852
1.072 10.1958
1.076 10.2065
1.08 10.2171
1.084 10.2279
1.088 10.2386
1.092 10.2494
1.096 10.2602
1.1 10.2711
1.104 10.282
1.108 10.2929
1.112 10.3038
1.116 10.3148
1.12 10.3258
1.124 10.3369
1.128 10.348
1.132 10.3591
1.136 10.3703
1.14 10.3815
1.144 10.3927
1.148 10.404
1.152 10.4153
1.156 10.4266
1.16 10.438
1.164 10.4494
1.168 10.4608
1.172 10.4723
1.176 10.4838
1.18 10.4953
1.184 10.5069
1.188 10.5185
1.192 10.5301
1.196 10.5418
1.2 10.5535
1.204 10.5652
1.208 10.577
1.212 10.5888
1.216 10.6007
1.22 10.6125
1.224 10.6245
1.228 10.6364
1.232 10.6484
1.236 10.6604
1.24 10.6725
1.244 10.6845
1.248 10.6967
1.252 10.7088
1.256 10.721
1.26 10.7332
1.264 10.7455
1.268 10.7578
1.272 10.7701
1.276 10.7825
1.28 10.7949
1.284 10.8073
1.288 10.8198
1.292 10.8323
1.296 10.8448
1.3 10.8574
1.304 10.87
1.308 10.8826
1.312 10.8953
1.316 10.908
1.32 10.9207
1.324 10.9335
1.328 10.9463
1.332 10.9592
1.336 10.972
1.34 10.985
1.344 10.9979
1.348 11.0109
1.352 11.0239
1.356 11.037
1.36 11.0501
1.364 11.0632
1.368 11.0763
1.372 11.0895
1.376 11.1028
1.38 11.116
1.384 11.1293
1.388 11.1426
1.39199 11.156
1.39599 11.1694
1.39999 11.1828
1.40399 11.1963
1.40799 11.2098
1.41199 11.2233
1.41599 11.2369
1.41999 11.2505
1.42399 11.2642
1.42799 11.2778
1.43199 11.2916
1.43599 11.3053
1.43999 11.3191
1.44399 11.3329
1.44799 11.3467
1.45199 11.3606
1.45599 11.3746
1.45999 11.3885
1.46399 11.4025
1.46799 11.4165
1.47199 11.4306
1.47599 11.4447
1.47999 11.4588
1.48399 11.473
1.48799 11.4872
1.49199 11.5014
1.49599 11.5157
1.49999 11.53
1.50399 11.5443
1.50799 11.5587
1.51199 11.5731
1.51599 11.5875
1.51999 11.602
1.52399 11.6165
1.52799 11.6311
1.53199 11.6457
1.53599 11.6603
1.53999 11.6749
1.54399 11.6896
1.54799 11.7043
1.55199 11.7191
1.55599 11.7339
1.55999 11.7487
1.56399 11.7636
1.56799 11.7785
1.57199 11.7934
1.57599 11.8084
1.57999 11.8234
1.58399 11.8384
1.58799 11.8535
1.59199 11.8686
1.59599 11.8837
1.59999 11.8989
1.60399 11.9141
1.60799 11.9294
1.61199 11.9446
1.61599 11.96
1.61999 11.9753
1.62399 11.9907
1.62799 12.0061
1.63199 12.0216
1.63599 12.0371
1.63999 12.0526
1.64399 12.0682
1.64799 12.0838
1.65199 12.0994
1.65599 12.1151
1.65999 12.1308
1.66399 12.1465
1.66799 12.1623
1.67199 12.1781
1.67599 12.1939
1.67999 12.2098
1.68399 12.2257
1.68799 12.2417
1.69199 12.2576
1.69599 12.2737
1.69999 12.2897
1.70399 12.3058
1.70799 12.3219
1.71199 12.3381
1.71599 12.3543
1.71999 12.3705
1.72399 12.3868
1.72799 12.4031
1.73199 12.4194
1.73599 12.4358
1.73999 12.4522
1.74399 12.4686
1.74799 12.4851
1.75199 12.5016
1.75599 12.5182
1.75999 12.5348
1.76399 12.5514
1.76799 12.568
1.77199 12.5847
1.77599 12.6015
1.77999 12.6182
1.78399 12.635
1.78799 12.6518
1.79199 12.6687
1.79599 12.6856
1.79999 12.7025
1.80399 12.7195
1.80799 12.7365
1.81199 12.7536
1.81599 12.7706
1.81999 12.7878
1.82399 12.8049
1.82799 12.8221
1.83199 12.8393
1.83599 12.8566
1.83999 12.8739
1.84399 12.8912
1.84799 12.9086
1.85199 12.9259
1.85599 12.9434
1.85999 12.9609
1.86399 12.9784
1.86799 12.9959
1.87199 13.0135
1.87599 13.0311
1.87999 13.0487
1.88399 13.0664
1.88799 13.0841
1.89199 13.1019
1.89599 13.1197
1.89999 13.1375
1.90399 13.1553
1.90799 13.1732
1.91199 13.1912
1.91599 13.2091
1.91999 13.2271
1.92399 13.2452
1.92799 13.2633
1.93199 13.2814
1.93599 13.2995
1.93999 13.3177
1.94399 13.3359
1.94799 13.3542
1.95199 13.3724
1.95599 13.3908
1.95999 13.4091
1.96399 13.4275
1.96799 13.4459
1.97199 13.4644
1.97599 13.4829
1.97999 13.5014
1.98399 13.52
1.98799 13.5386
1.99199 13.5573
1.99599 13.5759
1.99999 13.5947
2.00399 13.6134
2.00799 13.6322
2.01199 13.651
2.01599 13.6699
2.01999 13.6888
2.02399 13.7077
2.02799 13.7267
2.03199 13.7457
2.03599 13.7647
2.03999 13.7838
2.04399 13.8029
2.04799 13.822
2.05199 13.8412
2.05599 13.8604
2.05999 13.8797
2.06399 13.899
2.06799 13.9183
2.07199 13.9377
2.07599 13.9571
2.07999 13.9765
2.08399 13.9959
2.08799 14.0155
2.09199 14.035
2.09599 14.0546
2.09999 14.0742
2.10399 14.0938
2.10799 14.1135
2.11199 14.1332
2.11599 14.153
2.11999 14.1728
2.12399 14.1926
2.12799 14.2125
2.13199 14.2324
2.13599 14.2523
2.13999 14.2723
2.14399 14.2923
2.14799 14.3123
2.15199 14.3324
2.15599 14.3525
2.15999 14.3727
2.16399 14.3928
2.16798 14.4131
2.17198 14.4333
2.17598 14.4536
2.17998 14.4739
2.18398 14.4943
2.18798 14.5147
2.19198 14.5352
2.19598 14.5556
2.19998 14.5761
2.20398 14.5967
2.20798 14.6173
2.21198 14.6379
2.21598 14.6585
2.21998 14.6792
2.22398 14.7
2.22798 14.7207
2.23198 14.7415
2.23598 14.7624
2.23998 14.7832
2.24398 14.8041
2.24798 14.8251
2.25198 14.8461
2.25598 14.8671
2.25998 14.8881
2.26398 14.9092
2.26798 14.9304
2.27198 14.9515
2.27598 14.9727
2.27998 14.9939
2.28398 15.0152
2.28798 15.0365
2.29198 15.0579
2.29598 15.0792
2.29998 15.1007
2.30398 15.1221
2.30798 15.1436
2.31198 15.1651
2.31598 15.1867
2.31998 15.2083
2.32398 15.2299
2.32798 15.2516
2.33198 15.2733
2.33598 15.295
2.33998 15.3168
2.34398 15.3386
2.34798 15.3605
2.35198 15.3824
2.35598 15.4043
2.35998 15.4263
2.36398 15.4483
2.36798 15.4703
2.37198 15.4924
2.37598 15.5145
2.37998 15.5366
2.38398 15.5588
2.38798 15.581
2.39198 15.6033
2.39598 15.6255
2.39998 15.6479
2.40398 15.6702
2.40798 15.6926
2.41198 15.7151
2.41598 15.7375
2.41998 15.76
2.42398 15.7826
2.42798 15.8052
2.43198 15.8278
2.43598 15.8504
2.43998 15.8731
2.44398 15.8959
2.44798 15.9186
2.45198 15.9414
2.45598 15.9642
2.45998 15.9871
2.46398 16.01
2.46798 16.033
2.47198 16.056
2.47598 16.079
2.47998 16.102
2.48398 16.1251
2.48798 16.1483
2.49198 16.1714
2.49598 16.1946
2.49998 16.2179
2.50398 16.2411
2.50798 16.2644
2.51198 16.2878
2.51598 16.3112
2.51998 16.3346
2.52398 16.3581
2.52798 16.3816
2.53198 16.4051
2.53598 16.4287
2.53998 16.4523
2.54398 16.4759
2.54798 16.4996
2.55198 16.5233
2.55598 16.5471
2.55998 16.5708
2.56398 16.5947
2.56798 16.6185
2.57198 16.6424
2.57598 16.6664
2.57998 16.6903
2.58398 16.7144
2.58798 16.7384
2.59198 16.7625
2.59598 16.7866
2.59998 16.8108
2.60398 16.835
2.60798 16.8592
2.61198 16.8835
2.61598 16.9078
2.61998 16.9321
2.62398 16.9565
2.62798 16.9809
2.63198 17.0053
2.63598 17.0298
2.63998 17.0544
2.64398 17.0789
2.64798 17.1035
2.65198 17.1282
2.65598 17.1528
2.65998 17.1775
2.66398 17.2023
2.66798 17.2271
2.67198 17.2519
2.67598 17.2768
2.67998 17.3016
2.68398 17.3266
2.68798 17.3515
2.69198 17.3766
2.69598 17.4016
2.69998 17.4267
2.70398 17.4518
2.70798 17.4769
2.71198 17.5021
2.71598 17.5274
2.71998 17.5526
2.72398 17.5779
2.72798 17.6033
2.73198 17.6287
2.73598 17.6541
2.73998 17.6795
2.74398 17.705
2.74798 17.7305
2.75198 17.7561
2.75598 17.7817
2.75998 17.8073
2.76398 17.833
2.76798 17.8587
2.77198 17.8845
2.77598 17.9102
2.77998 17.9361
2.78398 17.9619
2.78798 17.9878
2.79198 18.0138
2.79598 18.0397
2.79998 18.0657
2.80398 18.0918
2.80798 18.1179
2.81198 18.144
2.81598 18.1701
2.81998 18.1963
2.82398 18.2226
2.82798 18.2488
2.83198 18.2751
2.83598 18.3015
2.83998 18.3279
2.84398 18.3543
2.84798 18.3807
2.85198 18.4072
2.85598 18.4338
2.85998 18.4603
2.86398 18.4869
2.86798 18.5136
2.87198 18.5402
2.87598 18.567
2.87998 18.5937
2.88398 18.6205
2.88798 18.6473
2.89198 18.6742
2.89598 18.7011
2.89998 18.728
2.90398 18.755
2.90798 18.782
2.91198 18.8091
2.91598 18.8362
2.91998 18.8633
2.92398 18.8905
2.92798 18.9177
2.93198 18.9449
2.93598 18.9722
2.93998 18.9995
2.94397 19.0268
2.94797 19.0542
2.95197 19.0817
2.95597 19.1091
2.95997 19.1366
2.96397 19.1642
2.96797 19.1917
2.97197 19.2194
2.97597 19.247
2.97997 19.2747
2.98397 19.3024
2.98797 19.3302
2.99197 19.358
2.99597 19.3858
2.99997 19.4137
3.00397 19.4416
3.00797 19.4696
3.01197 19.4976
3.01597 19.5256
3.01997 19.5537
3.02397 19.5818
3.02797 19.6099
3.03197 19.6381
3.03597 19.6663
3.03997 19.6945
3.04397 19.7228
3.04797 19.7512
3.05197 19.7795
3.05597 19.8079
3.05997 19.8364
3.06397 19.8649
3.06797 19.8934
3.07197 19.9219
3.07597 19.9505
3.07997 19.9791
3.08397 20.0078
3.08797 20.0365
3.09197 20.0653
3.09597 20.094
3.09997 20.1229
3.10397 20.1517
3.10797 20.1806
3.11197 20.2095
3.11597 20.2385
3.11997 20.2675
3.12397 20.2966
3.12797 20.3257
3.13197 20.3548
3.13597 20.3839
3.13997 20.4131
3.14397 20.4424
3.14797 20.4716
3.15197 20.5009
3.15597 20.5303
3.15997 20.5597
3.16397 20.5891
3.16797 20.6186
3.17197 20.6481
3.17597 20.6776
3.17997 20.7072
3.18397 20.7368
3.18797 20.7664
3.19197 20.7961
3.19597 20.8259
3.19997 20.8556
3.20397 20.8854
3.20797 20.9153
3.21197 20.9451
3.21597 20.9751
3.21997 21.005
3.22397 21.035
3.22797 21.065
3.23197 21.0951
3.23597 21.1252
3.23997 21.1554
3.24397 21.1855
3.24797 21.2158
3.25197 21.246
3.25597 21.2763
3.25997 21.3067
3.26397 21.337
3.26797 21.3674
3.27197 21.3979
3.27597 21.4284
3.27997 21.4589
3.28397 21.4895
3.28797 21.5201
3.29197 21.5507
3.29597 21.5814
3.29997 21.6121
3.30397 21.6429
3.30797 21.6736
3.31197 21.7045
3.31597 21.7353
3.31997 21.7663
3.32397 21.7972
3.32797 21.8282
3.33197 21.8592
3.33597 21.8903
3.33997 21.9214
3.34397 21.9525
3.34797 21.9837
3.35197 22.0149
3.35597 22.0461
3.35997 22.0774
3.36397 22.1087
3.36797 22.1401
3.37197 22.1715
3.37597 22.203
3.37997 22.2344
3.38397 22.266
3.38797 22.2975
3.39197 22.3291
3.39597 22.3607
3.39997 22.3924
3.40397 22.4241
3.40797 22.4559
3.41197 22.4877
3.41597 22.5195
3.41997 22.5513
3.42397 22.5833
3.42797 22.6152
3.43197 22.6472
3.43597 22.6792
3.43997 22.7112
3.44397 22.7433
3.44797 22.7755
3.45197 22.8076
3.45597 22.8398
3.45997 22.8721
3.46397 22.9044
3.46797 22.9367
3.47197 22.9691
3.47597 23.0015
3.47997 23.0339
3.48397 23.0664
3.48797 23.0989
3.49197 23.1315
3.49597 23.1641
3.49997 23.1967
3.50397 23.2294
3.50797 23.2621
3.51197 23.2948
3.51597 23.3276
3.51997 23.3604
3.52397 23.3933
3.52797 23.4262
3.53197 23.4591
3.53597 23.4921
3.53997 23.5251
3.54397 23.5582
3.54797 23.5913
3.55197 23.6244
3.55597 23.6576
3.55997 23.6908
3.56397 23.7241
3.56797 23.7573
3.57197 23.7907
3.57597 23.824
3.57997 23.8574
3.58397 23.8909
3.58797 23.9244
3.59197 23.9579
3.59597 23.9914
3.59997 24.025
3.60397 24.0587
3.60797 24.0924
3.61197 24.1261
3.61597 24.1598
3.61997 24.1936
3.62397 24.2274
3.62797 24.2613
3.63197 24.2952
3.63597 24.3292
3.63997 24.3632
3.64397 24.3972
3.64797 24.4312
3.65197 24.4653
3.65597 24.4995
3.65997 24.5337
3.66397 24.5679
3.66797 24.6021
3.67197 24.6364
3.67597 24.6708
3.67997 24.7051
3.68397 24.7396
3.68797 24.774
3.69197 24.8085
3.69597 24.843
3.69997 24.8776
3.70397 24.9122
3.70797 24.9469
3.71197 24.9815
3.71597 25.0163
3.71996 25.051
3.72396 25.0858
3.72796 25.1207
3.73196 25.1555
3.73596 25.1905
3.73996 25.2254
3.74396 25.2604
3.74796 25.2955
3.75196 25.3305
3.75596 25.3656
3.75996 25.4008
3.76396 25.436
3.76796 25.4712
3.77196 25.5065
3.77596 25.5418
3.77996 25.5772
3.78396 25.6125
3.78796 25.648
3.79196 25.6834
3.79596 25.7189
3.79996 25.7545
3.80396 25.7901
3.80796 25.8257
3.81196 25.8613
3.81596 25.897
3.81996 25.9328
3.82396 25.9686
3.82796 26.0044
3.83196 26.0402
3.83596 26.0761
3.83996 26.1121
3.84396 26.148
3.84796 26.1841
3.85196 26.2201
3.85596 26.2562
3.85996 26.2923
3.86396 26.3285
3.86796 26.3647
3.87196 26.401
3.87596 26.4372
3.87996 26.4736
3.88396 26.5099
3.88796 26.5463
3.89196 26.5828
3.89596 26.6193
3.89996 26.6558
3.90396 26.6924
3.90796 26.729
3.91196 26.7656
3.91596 26.8023
3.91996 26.839
3.92396 26.8758
3.92796 26.9126
3.93196 26.9494
3.93596 26.9863
3.93996 27.0232
3.94396 27.0602
3.94796 27.0971
3.95196 27.1342
3.95596 27.1713
3.95996 27.2084
3.96396 27.2455
3.96796 27.2827
3.97196 27.3199
3.97596 27.3572
3.97996 27.3945
3.98396 27.4319
3.98796 27.4693
3.99196 27.5067
3.99596 27.5442
3.99996 27.5817
4.00396 27.6192
4.00796 27.6568
4.01196 27.6944
4.01596 27.7321
4.01996 27.7698
4.02396 27.8076
4.02796 27.8453
4.03196 27.8832
4.03596 27.921
4.03996 27.9589
4.04396 27.9969
4.04796 28.0349
4.05196 28.0729
4.05596 28.111
4.05996 28.1491
4.06396 28.1872
4.06796 28.2254
4.07196 28.2636
4.07596 28.3019
4.07997 28.3402
4.08397 28.3785
4.08797 28.4169
4.09197 28.4553
4.09597 28.4938
4.09997 28.5322
4.10397 28.5708
4.10797 28.6094
4.11197 28.648
4.11597 28.6866
4.11997 28.7253
4.12397 28.7641
4.12797 28.8029
4.13197 28.8417
4.13597 28.8805
4.13997 28.9194
4.14397 28.9584
4.14797 28.9973
4.15197 29.0363
4.15597 29.0754
4.15997 29.1145
4.16397 29.1536
4.16797 29.1928
4.17197 29.232
4.17597 29.2713
4.17997 29.3106
4.18397 29.3499
4.18797 29.3893
4.19197 29.4287
4.19597 29.4681
4.19997 29.5076
4.20397 29.5472
4.20797 29.5867
4.21197 29.6264
4.21597 29.666
4.21997 29.7057
4.22397 29.7454
4.22797 29.7852
4.23197 29.825
4.23597 29.8649
4.23997 29.9048
4.24397 29.9447
4.24797 29.9847
4.25197 30.0247
4.25597 30.0647
4.25997 30.1048
4.26397 30.145
4.26797 30.1851
4.27197 30.2253
4.27597 30.2656
4.27997 30.3059
4.28397 30.3462
4.28797 30.3866
4.29198 30.427
4.29598 30.4675
4.29998 30.508
4.30398 30.5485
4.30798 30.5891
4.31198 30.6297
4.31598 30.6703
4.31998 30.711
4.32398 30.7518
4.32798 30.7925
4.33198 30.8333
4.33598 30.8742
4.33998 30.9151
4.34398 30.956
4.34798 30.997
4.35198 31.038
4.35598 31.0791
4.35998 31.1202
4.36398 31.1613
4.36798 31.2025
4.37198 31.2437
4.37598 31.285
4.37998 31.3262
4.38398 31.3676
4.38798 31.409
4.39198 31.4504
4.39598 31.4918
4.39998 31.5333
4.40398 31.5749
4.40798 31.6165
4.41198 31.6581
4.41598 31.6997
4.41998 31.7414
4.42398 31.7832
4.42798 31.825
4.43198 31.8668
4.43598 31.9086
4.43998 31.9505
4.44398 31.9925
4.44798 32.0345
4.45198 32.0765
4.45598 32.1185
4.45998 32.1606
4.46398 32.2028
4.46798 32.245
4.47198 32.2872
4.47598 32.3295
4.47998 32.3718
4.48398 32.4141
4.48798 32.4565
4.49198 32.4989
4.49598 32.5414
4.49998 32.5839
4.50398 32.6265
4.50799 32.669
4.51199 32.7117
4.51599 32.7543
4.51999 32.7971
4.52399 32.8398
4.52799 32.8826
4.53199 32.9254
4.53599 32.9683
4.53999 33.0112
4.54399 33.0542
4.54799 33.0972
4.55199 33.1402
4.55599 33.1833
4.55999 33.2264
4.56399 33.2696
4.56799 33.3127
4.57199 33.356
4.57599 33.3993
4.57999 33.4426
4.58399 33.4859
4.58799 33.5293
4.59199 33.5728
4.59599 33.6163
4.59999 33.6598
4.60399 33.7034
4.60799 33.747
4.61199 33.7906
4.61599 33.8343
4.61999 33.878
4.62399 33.9218
4.62799 33.9656
4.63199 34.0094
4.63599 34.0533
4.63999 34.0973
4.64399 34.1412
4.64799 34.1852
4.65199 34.2293
4.65599 34.2734
4.65999 34.3175
4.66399 34.3617
4.66799 34.4059
4.67199 34.4502
4.67599 34.4945
4.67999 34.5388
4.68399 34.5832
4.68799 34.6276
4.69199 34.6721
4.69599 34.7166
4.69999 34.7611
4.70399 34.8057
4.70799 34.8503
4.71199 34.895
4.71599 34.9397
4.72 34.9845
4.724 35.0292
4.728 35.0741
4.732 35.1189
4.736 35.1639
4.74 35.2088
4.744 35.2538
4.748 35.2988
4.752 35.3439
4.756 35.389
4.76 35.4342
4.764 35.4794
4.768 35.5246
4.772 35.5699
4.776 35.6152
4.78 35.6606
4.784 35.706
4.788 35.7514
4.792 35.7969
4.796 35.8425
4.8 35.888
4.804 35.9336
4.808 35.9793
4.812 36.025
4.816 36.0707
4.82 36.1165
4.824 36.1623
4.828 36.2082
4.832 36.2541
4.836 36.3
4.84 36.346
4.844 36.392
4.848 36.4381
4.852 36.4842
4.856 36.5303
4.86 36.5765
4.864 36.6227
4.868 36.669
4.872 36.7153
4.876 36.7616
4.88 36.808
4.884 36.8545
4.888 36.9009
4.892 36.9475
4.896 36.994
4.9 37.0406
4.904 37.0873
4.908 37.1339
4.912 37.1807
4.916 37.2274
4.92 37.2742
4.924 37.3211
4.928 37.368
4.932 37.4149
4.93601 37.4619
4.94001 37.5089
4.94401 37.5559
4.94801 37.603
4.95201 37.6502
4.95601 37.6973
4.96001 37.7446
4.96401 37.7918
4.96801 37.8391
4.97201 37.8865
4.97601 37.9339
4.98001 37.9813
4.98401 38.0288
4.98801 38.0763
4.99201 38.1238
4.99601 38.1714
